1546 0 0 0 0 127 0 0 0 
513 64 31 64 0 16 52 0 0 
1792 4 30 2 0 16 52 0 0 
1546 0 0 1 16 127 0 0 144 
1546 0 0 3 16 127 0 0 144 
1546 0 0 5 16 127 0 0 144 
1546 0 0 7 16 127 0 0 144 
1546 0 0 9 16 127 0 0 144 
1546 0 0 11 16 127 0 0 144 
1546 0 0 13 16 127 0 0 144 
1546 0 0 15 16 127 0 0 144 
1546 0 0 17 16 127 0 0 144 
1546 0 0 19 16 127 0 0 144 
1546 0 0 21 16 127 0 0 144 
1546 0 0 23 16 127 0 0 144 
1546 0 0 25 16 127 0 0 144 
513 64 31 64 0 16 244 0 0 
1792 4 30 2 0 16 244 0 0 
1546 0 0 27 16 127 0 0 144 
1546 0 0 29 16 127 0 0 144 
1546 0 0 31 16 127 0 0 144 
1546 0 0 33 16 127 0 0 144 
1546 2 0 35 16 127 0 0 144 
1547 0 78 107 255 128 32 1 148 
1547 1 78 196 3 128 32 1 150 
1548 0 173 39 141 130 32 100 150 
1548 1 165 39 141 130 32 100 144 
1549 0 125 15 160 112 128 5 5 
1549 1 125 15 160 112 128 5 5 
1546 3 0 37 16 127 0 0 144 
1547 0 78 107 255 128 32 1 149 
1547 1 78 196 2 128 31 161 144 
1547 2 79 28 0 128 32 1 116 
1548 0 164 229 140 130 32 200 144 
1548 1 165 41 141 2 32 168 144 
1548 2 165 39 141 130 32 100 144 
1549 0 125 47 160 112 128 5 5 
1549 1 125 15 160 112 128 5 5 
1549 2 125 15 160 112 128 5 5 
1546 3 0 39 16 127 0 0 144 
1547 0 78 107 255 128 32 1 149 
1547 1 78 196 0 128 31 33 142 
1547 2 79 28 0 128 32 1 117 
1548 0 156 229 124 2 32 232 144 
1548 1 157 39 124 2 32 200 144 
1548 2 157 39 140 130 32 168 144 
1549 0 125 15 160 112 128 5 5 
1549 1 125 15 160 112 128 5 5 
1549 2 125 79 160 112 128 5 5 
1546 3 0 41 16 127 0 0 144 
1547 0 78 107 255 128 32 1 150 
1547 1 78 195 255 128 31 1 141 
1547 2 79 28 0 128 32 1 117 
1548 0 156 229 123 130 32 232 117 
1548 1 156 231 123 130 32 232 117 
1548 2 156 229 124 2 32 232 117 
1549 0 125 15 160 112 128 5 5 
1549 1 125 47 160 112 128 5 5 
1549 2 125 79 160 112 128 5 5 
1546 3 0 43 16 127 0 0 144 
1547 0 78 107 255 128 32 1 150 
1547 1 78 195 255 128 31 33 140 
1547 2 79 20 0 128 32 1 116 
1548 0 148 229 107 2 32 232 116 
1548 1 156 229 123 130 32 232 116 
1548 2 156 231 123 130 32 232 116 
1549 0 125 15 160 112 128 5 5 
1549 1 125 47 160 112 128 5 5 
1549 2 125 111 160 112 128 6 5 
1546 3 0 45 16 127 0 0 144 
1547 0 78 107 255 128 32 1 150 
1547 1 78 195 254 128 31 65 139 
1547 2 79 28 0 128 32 1 116 
1548 0 148 229 106 130 32 232 116 
1548 1 156 229 107 2 32 232 116 
1548 2 148 229 123 2 32 232 116 
1549 0 125 15 160 112 128 5 5 
1549 1 125 47 160 112 128 5 5 
1549 2 125 79 160 112 128 7 5 
1546 3 0 47 16 127 0 0 144 
1547 0 78 107 255 128 32 1 150 
1547 1 78 195 254 128 31 97 139 
1547 2 79 28 0 128 32 1 116 
1548 0 148 229 106 130 32 232 116 
1548 1 148 229 107 2 32 232 116 
1548 2 148 229 106 130 32 232 116 
1549 0 125 15 160 112 128 5 5 
1549 1 125 47 160 112 128 5 5 
1549 2 125 47 160 112 128 7 5 
1546 3 0 49 16 127 0 0 144 
1547 0 78 107 255 128 32 1 150 
1547 1 78 195 254 128 31 129 139 
1547 2 79 28 0 128 32 1 116 
1548 0 148 227 90 130 32 232 116 
1548 1 148 229 106 130 32 232 116 
1548 2 148 229 106 130 32 232 116 
1549 0 125 15 160 112 128 5 5 
1549 1 125 47 160 112 128 5 5 
1549 2 125 47 160 112 128 7 5 
1546 3 0 51 16 127 0 0 144 
1547 0 78 107 255 128 32 1 150 
1547 1 78 195 254 128 31 129 138 
1547 2 79 28 0 128 32 1 116 
1548 0 148 227 90 2 32 232 116 
1548 1 148 229 90 130 32 232 116 
1548 2 148 229 90 130 32 232 116 
1549 0 125 15 160 112 128 5 5 
1549 1 125 47 160 112 128 5 5 
1549 2 125 15 160 112 128 8 5 
1546 3 0 53 16 127 0 0 144 
1547 0 78 107 255 128 32 1 150 
1547 1 78 195 254 128 31 161 138 
1547 2 79 28 0 128 32 1 117 
1548 0 148 227 90 2 32 232 117 
1548 1 148 229 90 130 32 232 117 
1548 2 148 227 90 130 32 232 117 
1549 0 125 15 160 112 128 5 5 
1549 1 125 47 160 112 128 5 5 
1549 2 125 15 160 112 128 8 5 
513 64 31 64 0 16 244 0 0 
1792 4 30 2 0 16 244 0 0 
1546 3 0 55 16 127 0 0 144 
1547 0 78 107 255 128 32 1 150 
1547 1 78 195 254 128 31 161 139 
1547 2 79 28 0 128 32 1 117 
1548 0 148 163 74 2 32 232 117 
1548 1 148 229 90 130 32 232 117 
1548 2 148 227 90 2 32 232 117 
1549 0 125 15 160 112 128 5 5 
1549 1 125 47 160 112 128 5 5 
1549 2 125 15 160 112 128 8 5 
1546 3 0 57 16 127 0 0 144 
1547 0 78 107 255 128 32 1 150 
1547 1 78 195 254 128 31 193 139 
1547 2 79 28 0 128 32 1 117 
1548 0 148 163 74 2 32 232 117 
1548 1 148 229 90 2 32 232 117 
1548 2 140 227 90 2 32 232 117 
1549 0 125 15 160 112 128 5 5 
1549 1 125 15 160 112 128 5 5 
1549 2 124 239 160 112 128 9 5 
1546 3 0 59 16 127 0 0 144 
1547 0 78 107 255 128 32 1 150 
1547 1 78 195 254 128 31 193 139 
1547 2 79 28 0 128 32 1 117 
1548 0 140 163 74 2 32 232 117 
1548 1 148 229 74 2 32 232 117 
1548 2 140 163 74 2 32 232 117 
1549 0 125 15 160 112 128 5 5 
1549 1 125 15 160 112 128 5 5 
1549 2 124 239 160 112 128 9 5 
1546 3 0 61 16 127 0 0 144 
1547 0 78 107 255 128 32 1 150 
1547 1 78 195 254 128 31 193 138 
1547 2 79 28 0 128 32 1 117 
1548 0 140 163 74 2 32 232 117 
1548 1 148 229 74 2 32 232 117 
1548 2 140 163 74 2 32 232 117 
1549 0 125 15 160 112 128 5 5 
1549 1 125 15 160 112 128 5 5 
1549 2 124 239 160 112 128 9 5 
1546 3 0 63 16 127 0 0 144 
1547 0 78 107 255 128 32 1 150 
1547 1 78 195 254 128 31 225 138 
1547 2 79 28 0 128 32 1 117 
1548 0 140 163 74 2 32 232 117 
1548 1 148 229 74 2 32 232 117 
1548 2 140 163 74 2 32 232 144 
1549 0 125 15 160 112 128 5 5 
1549 1 125 15 160 112 128 5 5 
1549 2 124 239 160 112 128 9 5 
1546 3 0 65 16 127 0 0 144 
1547 0 78 107 255 128 32 1 150 
1547 1 78 195 254 128 31 225 138 
1547 2 79 28 0 128 32 1 117 
1548 0 140 163 58 2 32 232 117 
1548 1 148 229 74 2 32 232 117 
1548 2 140 163 74 2 32 232 144 
1549 0 125 15 160 112 128 5 5 
1549 1 125 15 160 112 128 5 5 
1549 2 124 239 160 112 128 9 5 
1546 3 0 67 16 127 0 0 144 
1547 0 78 107 255 128 32 1 150 
1547 1 78 195 254 128 31 225 138 
1547 2 79 28 0 128 32 1 117 
1548 0 140 163 58 2 32 232 117 
1548 1 148 229 74 2 32 232 117 
1548 2 140 163 74 2 32 232 144 
1549 0 125 15 160 112 128 5 5 
1549 1 125 15 160 112 128 5 5 
1549 2 124 239 160 112 128 10 5 
1546 3 0 69 16 127 0 0 144 
1547 0 78 107 255 128 32 1 150 
1547 1 78 195 254 128 31 225 138 
1547 2 79 28 0 128 32 1 117 
1548 0 140 163 58 2 32 232 117 
1548 1 140 229 74 2 32 232 117 
1548 2 140 163 58 2 32 232 144 
1549 0 125 15 160 112 128 5 5 
1549 1 125 15 160 112 128 5 5 
